[Vertex]
V0=-75.0,3.27835e-006,75.0
V1=75.0,3.27835e-006,75.0
V2=-75.0,-3.27835e-006,-75.0
V3=75.0,-3.27835e-006,-75.0
V4=-75.0,30.0,75.0
V5=75.0,30.0,75.0
V6=-75.0,30.0,-75.0
V7=75.0,30.0,-75.0

[Faces]
F0=0,2,3,0.0,-1.0,0.0,14638203
F1=3,1,0,0.0,-1.0,0.0,14638203
F2=4,5,7,0.0,1.0,0.0,14638203
F3=7,6,4,0.0,1.0,0.0,14638203
F4=0,1,5,0.0,0.0,1.0,14638203
F5=5,4,0,0.0,0.0,1.0,14638203
F6=1,3,7,1.0,0.0,0.0,14638203
F7=7,5,1,1.0,0.0,0.0,14638203
F8=3,2,6,0.0,0.0,-1.0,14638203
F9=6,7,3,0.0,0.0,-1.0,14638203
F10=2,0,4,-1.0,0.0,0.0,14638203
F11=4,6,2,-1.0,0.0,0.0,14638203

[Header]
Signature=3D File Format
RefPoint=0,0,0
VertexNum=8
FaceNum=12

